config: configs/config_curonian_baltic.yaml
n_agents: 500
n_steps: 720
alive: 500
arrived: 0
mean_ed_kJ_g: 6.500000000000001
mean_mass_g: 3194.1746169745093
temp_range: (-0.11410646885633469, 5.482132434844971)
salinity_range: (0.011149386875331402, 7.0950703620910645)
